001 (215, 48, 144)
002 (189, 29, 131)
003 (237, 66, 128)
004 (236, 91, 160)
005 (246, 150, 177)
006 (248, 185, 194)
007 (80, 0, 40)
008 (136, 23, 67)
009 (176, 32, 94)
010 (126, 19, 35)
011 (154, 29, 33)
012 (168, 30, 45)
013 (232, 34, 52)
014 (241, 95, 106)
015 (245, 138, 154)
016 (250, 179, 177)
017 (202, 55, 40)
018 (238, 67, 42)
019 (242, 90, 43)
020 (246, 138, 32)
021 (227, 123, 96)
022 (235, 162, 34)
023 (252, 183, 92)
024 (253, 205, 139)
025 (255, 216, 177)
026 (255, 195, 23)
027 (254, 214, 3)
028 (254, 230, 0)
029 (255, 232, 140)
030 (253, 245, 160)
031 (254, 249, 193)
032 (94, 109, 42)
033 (161, 169, 58)
034 (184, 194, 133)
035 (148, 200, 66)
036 (181, 212, 59)
037 (215, 227, 125)
038 (12, 109, 56)
039 (3, 133, 103)
040 (25, 139, 78)
041 (56, 177, 110)
042 (127, 189, 126)
043 (179, 216, 173)
044 (30, 103, 109)
045 (3, 130, 119)
046 (41, 164, 143)
047 (110, 197, 162)
048 (0, 131, 135)
049 (104, 169, 163)
050 (7, 185, 167)
051 (98, 197, 190)
052 (160, 213, 201)
053 (1, 119, 154)
054 (0, 154, 200)
055 (0, 186, 217)
056 (109, 192, 236)
057 (119, 206, 223)
058 (172, 220, 220)
059 (14, 18, 63)
060 (30, 67, 121)
061 (63, 65, 152)
062 (12, 100, 174)
063 (75, 126, 191)
064 (129, 169, 222)
065 (147, 188, 231)
066 (150, 204, 232)
067 (65, 45, 83)
068 (110, 59, 151)
069 (120, 74, 138)
070 (148, 110, 159)
071 (186, 159, 204)
072 (203, 188, 219)
073 (86, 36, 99)
074 (95, 48, 90)
075 (147, 43, 140)
076 (136, 66, 156)
077 (190, 111, 158)
078 (214, 124, 177)
079 (216, 151, 193)
080 (65, 40, 36)
081 (98, 64, 53)
082 (161, 127, 116)
083 (136, 58, 38)
084 (145, 81, 54)
085 (162, 110, 71)
086 (197, 130, 88)
087 (220, 154, 120)
088 (218, 173, 131)
089 (244, 220, 186)
090 (4, 0, 0)
091 (34, 34, 34)
092 (66, 71, 75)
093 (118, 122, 125)
094 (178, 181, 186)
095 (216, 221, 224)
096 (41, 36, 32)
097 (83, 70, 62)
098 (119, 110, 103)
099 (158, 153, 149)
100 (201, 196, 192)